[gd_scene load_steps=3 format=3]

[ext_resource type="PackedScene" path="res://assets/objects/Holes/TwoSidedSquareHole.tscn" id="1_mq8tn"]
[ext_resource type="Script" path="res://src/part/TwoSidedHole.cs" id="2_en161"]

[node name="" type="Node3D"]

[node name="TwoSidedSquareHole" type="Node3D" parent="." instance=ExtResource("1_mq8tn")]
transform = Transform3D(1, 0, 0, 0, 1, 0, 0, 0, 1, 0.255085, 0.25251, -0.0339586)
script = ExtResource("2_en161")
length = 0.052
topBodyPath = NodePath("TopBody")
bottomBodyPath = NodePath("BottomBody")
width = 1.055

[node name="TwoSidedSquareHole2" type="Node3D" parent="." instance=ExtResource("1_mq8tn")]
transform = Transform3D(1, 0, 0, 0, 1, 0, 0, 0, 1, 0.505085, 0.50251, -0.0339586)
script = ExtResource("2_en161")
length = 0.052
topBodyPath = NodePath("TopBody")
bottomBodyPath = NodePath("BottomBody")
width = 1.055

[node name="TwoSidedSquareHole3" type="Node3D" parent="." instance=ExtResource("1_mq8tn")]
transform = Transform3D(1, 0, 0, 0, 1, 0, 0, 0, 1, 0.255085, 0.75251, -0.0339586)
script = ExtResource("2_en161")
length = 0.052
topBodyPath = NodePath("TopBody")
bottomBodyPath = NodePath("BottomBody")
width = 1.055

[node name="TwoSidedSquareHole4" type="Node3D" parent="." instance=ExtResource("1_mq8tn")]
transform = Transform3D(1, 0, 0, 0, 1, 0, 0, 0, 1, 0.755085, 0.75251, -0.0339586)
script = ExtResource("2_en161")
length = 0.052
topBodyPath = NodePath("TopBody")
bottomBodyPath = NodePath("BottomBody")
width = 1.055

[node name="TwoSidedSquareHole5" type="Node3D" parent="." instance=ExtResource("1_mq8tn")]
transform = Transform3D(1, 0, 0, 0, 1, 0, 0, 0, 1, 0.755085, 0.25251, -0.0339586)
script = ExtResource("2_en161")
length = 0.052
topBodyPath = NodePath("TopBody")
bottomBodyPath = NodePath("BottomBody")
width = 1.055

[node name="TwoSidedSquareHole6" type="Node3D" parent="." instance=ExtResource("1_mq8tn")]
transform = Transform3D(1, 0, 0, 0, 1, 0, 0, 0, 1, 1.00508, 0.50251, -0.0339586)
script = ExtResource("2_en161")
length = 0.052
topBodyPath = NodePath("TopBody")
bottomBodyPath = NodePath("BottomBody")
width = 1.055

[node name="TwoSidedSquareHole7" type="Node3D" parent="." instance=ExtResource("1_mq8tn")]
transform = Transform3D(1, 0, 0, 0, 1, 0, 0, 0, 1, 1.25508, 0.75251, -0.0339586)
script = ExtResource("2_en161")
length = 0.052
topBodyPath = NodePath("TopBody")
bottomBodyPath = NodePath("BottomBody")
width = 1.055

[node name="TwoSidedSquareHole8" type="Node3D" parent="." instance=ExtResource("1_mq8tn")]
transform = Transform3D(1, 0, 0, 0, 1, 0, 0, 0, 1, 1.25508, 0.25251, -0.0339586)
script = ExtResource("2_en161")
length = 0.052
topBodyPath = NodePath("TopBody")
bottomBodyPath = NodePath("BottomBody")
width = 1.055

[node name="TwoSidedSquareHole9" type="Node3D" parent="." instance=ExtResource("1_mq8tn")]
transform = Transform3D(0.707107, 0, 0.707107, 0, 1, 0, -0.707107, 0, 0.707107, 1.88065, 0.25251, -0.292794)
script = ExtResource("2_en161")
length = 0.052
topBodyPath = NodePath("TopBody")
bottomBodyPath = NodePath("BottomBody")
width = 1.055

[node name="TwoSidedSquareHole10" type="Node3D" parent="." instance=ExtResource("1_mq8tn")]
transform = Transform3D(0.707107, 0, 0.707107, 0, 1, 0, -0.707107, 0, 0.707107, 2.05742, 0.50251, -0.46957)
script = ExtResource("2_en161")
length = 0.052
topBodyPath = NodePath("TopBody")
bottomBodyPath = NodePath("BottomBody")
width = 1.055

[node name="TwoSidedSquareHole11" type="Node3D" parent="." instance=ExtResource("1_mq8tn")]
transform = Transform3D(0.707107, 0, 0.707107, 0, 1, 0, -0.707107, 0, 0.707107, 1.88065, 0.75251, -0.292794)
script = ExtResource("2_en161")
length = 0.052
topBodyPath = NodePath("TopBody")
bottomBodyPath = NodePath("BottomBody")
width = 1.055

[node name="TwoSidedSquareHole12" type="Node3D" parent="." instance=ExtResource("1_mq8tn")]
transform = Transform3D(0.707107, 0, 0.707107, 0, 1, 0, -0.707107, 0, 0.707107, 2.2342, 0.75251, -0.646347)
script = ExtResource("2_en161")
length = 0.052
topBodyPath = NodePath("TopBody")
bottomBodyPath = NodePath("BottomBody")
width = 1.055

[node name="TwoSidedSquareHole13" type="Node3D" parent="." instance=ExtResource("1_mq8tn")]
transform = Transform3D(0.707107, 0, 0.707107, 0, 1, 0, -0.707107, 0, 0.707107, 2.2342, 0.25251, -0.646347)
script = ExtResource("2_en161")
length = 0.052
topBodyPath = NodePath("TopBody")
bottomBodyPath = NodePath("BottomBody")
width = 1.055

[node name="TwoSidedSquareHole14" type="Node3D" parent="." instance=ExtResource("1_mq8tn")]
transform = Transform3D(0.707107, 0, 0.707107, 0, 1, 0, -0.707107, 0, 0.707107, 2.41098, 0.50251, -0.823124)
script = ExtResource("2_en161")
length = 0.052
topBodyPath = NodePath("TopBody")
bottomBodyPath = NodePath("BottomBody")
width = 1.055

[node name="TwoSidedSquareHole15" type="Node3D" parent="." instance=ExtResource("1_mq8tn")]
transform = Transform3D(0.707107, 0, 0.707107, 0, 1, 0, -0.707107, 0, 0.707107, 2.58775, 0.75251, -0.999901)
script = ExtResource("2_en161")
length = 0.052
topBodyPath = NodePath("TopBody")
bottomBodyPath = NodePath("BottomBody")
width = 1.055

[node name="TwoSidedSquareHole16" type="Node3D" parent="." instance=ExtResource("1_mq8tn")]
transform = Transform3D(0.707107, 0, 0.707107, 0, 1, 0, -0.707107, 0, 0.707107, 2.58775, 0.25251, -0.999901)
script = ExtResource("2_en161")
length = 0.052
topBodyPath = NodePath("TopBody")
bottomBodyPath = NodePath("BottomBody")
width = 1.055
