[gd_scene load_steps=4 format=3 uid="uid://cmolp4pjeck64"]

[ext_resource type="PackedScene" path="res://assets/objects/Part.tscn" id="1_ox8wt"]
[ext_resource type="PackedScene" uid="uid://cdggdbp51hwv0" path="res://assets/objects/Holes/TwoSidedSquareHole.tscn" id="2_3h3aq"]
[ext_resource type="ArrayMesh" uid="uid://cylw24rfw03mb" path="res://assets/models/Plate/5x25_Steel_Plate__275-1140_.obj" id="3_4anay"]

[node name="Part" instance=ExtResource("1_ox8wt")]
enableMeshCutter = true

[node name="TwoSidedSquareHole" parent="Holes" index="0" instance=ExtResource("2_3h3aq")]
transform = Transform3D(0.707107, 0.707107, 3.09086e-08, 0, -4.37114e-08, 1, 0.707107, -0.707107, -3.09086e-08, 0.499862, 0.022774, -0.499732)
width = 0.74

[node name="TwoSidedSquareHole127" parent="Holes" index="1" instance=ExtResource("2_3h3aq")]
transform = Transform3D(0.707107, 0.707107, 3.09086e-08, 0, -4.37114e-08, 1, 0.707107, -0.707107, -3.09086e-08, 0.999862, 0.022774, -0.499732)
width = 0.74

[node name="TwoSidedSquareHole128" parent="Holes" index="2" instance=ExtResource("2_3h3aq")]
transform = Transform3D(0.707107, 0.707107, 3.09086e-08, 0, -4.37114e-08, 1, 0.707107, -0.707107, -3.09086e-08, 1.49986, 0.022774, -0.499732)
width = 0.74

[node name="TwoSidedSquareHole129" parent="Holes" index="3" instance=ExtResource("2_3h3aq")]
transform = Transform3D(0.707107, 0.707107, 3.09086e-08, 0, -4.37114e-08, 1, 0.707107, -0.707107, -3.09086e-08, 1.99986, 0.022774, -0.499732)
width = 0.74

[node name="TwoSidedSquareHole130" parent="Holes" index="4" instance=ExtResource("2_3h3aq")]
transform = Transform3D(0.707107, 0.707107, 3.09086e-08, 0, -4.37114e-08, 1, 0.707107, -0.707107, -3.09086e-08, 0.499862, 0.022774, -0.999732)
width = 0.74

[node name="TwoSidedSquareHole131" parent="Holes" index="5" instance=ExtResource("2_3h3aq")]
transform = Transform3D(0.707107, 0.707107, 3.09086e-08, 0, -4.37114e-08, 1, 0.707107, -0.707107, -3.09086e-08, 0.999862, 0.022774, -0.999732)
width = 0.74

[node name="TwoSidedSquareHole132" parent="Holes" index="6" instance=ExtResource("2_3h3aq")]
transform = Transform3D(0.707107, 0.707107, 3.09086e-08, 0, -4.37114e-08, 1, 0.707107, -0.707107, -3.09086e-08, 1.49986, 0.022774, -0.999732)
width = 0.74

[node name="TwoSidedSquareHole133" parent="Holes" index="7" instance=ExtResource("2_3h3aq")]
transform = Transform3D(0.707107, 0.707107, 3.09086e-08, 0, -4.37114e-08, 1, 0.707107, -0.707107, -3.09086e-08, 1.99986, 0.022774, -0.999732)
width = 0.74

[node name="TwoSidedSquareHole134" parent="Holes" index="8" instance=ExtResource("2_3h3aq")]
transform = Transform3D(0.707107, 0.707107, 3.09086e-08, 0, -4.37114e-08, 1, 0.707107, -0.707107, -3.09086e-08, 0.499862, 0.022774, -1.49973)
width = 0.74

[node name="TwoSidedSquareHole135" parent="Holes" index="9" instance=ExtResource("2_3h3aq")]
transform = Transform3D(0.707107, 0.707107, 3.09086e-08, 0, -4.37114e-08, 1, 0.707107, -0.707107, -3.09086e-08, 0.999862, 0.022774, -1.49973)
width = 0.74

[node name="TwoSidedSquareHole136" parent="Holes" index="10" instance=ExtResource("2_3h3aq")]
transform = Transform3D(0.707107, 0.707107, 3.09086e-08, 0, -4.37114e-08, 1, 0.707107, -0.707107, -3.09086e-08, 1.49986, 0.022774, -1.49973)
width = 0.74

[node name="TwoSidedSquareHole137" parent="Holes" index="11" instance=ExtResource("2_3h3aq")]
transform = Transform3D(0.707107, 0.707107, 3.09086e-08, 0, -4.37114e-08, 1, 0.707107, -0.707107, -3.09086e-08, 1.99986, 0.022774, -1.49973)
width = 0.74

[node name="TwoSidedSquareHole138" parent="Holes" index="12" instance=ExtResource("2_3h3aq")]
transform = Transform3D(0.707107, 0.707107, 3.09086e-08, 0, -4.37114e-08, 1, 0.707107, -0.707107, -3.09086e-08, 0.499862, 0.022774, -1.99973)
width = 0.74

[node name="TwoSidedSquareHole139" parent="Holes" index="13" instance=ExtResource("2_3h3aq")]
transform = Transform3D(0.707107, 0.707107, 3.09086e-08, 0, -4.37114e-08, 1, 0.707107, -0.707107, -3.09086e-08, 0.999862, 0.022774, -1.99973)
width = 0.74

[node name="TwoSidedSquareHole140" parent="Holes" index="14" instance=ExtResource("2_3h3aq")]
transform = Transform3D(0.707107, 0.707107, 3.09086e-08, 0, -4.37114e-08, 1, 0.707107, -0.707107, -3.09086e-08, 1.49986, 0.022774, -1.99973)
width = 0.74

[node name="TwoSidedSquareHole141" parent="Holes" index="15" instance=ExtResource("2_3h3aq")]
transform = Transform3D(0.707107, 0.707107, 3.09086e-08, 0, -4.37114e-08, 1, 0.707107, -0.707107, -3.09086e-08, 1.99986, 0.022774, -1.99973)
width = 0.74

[node name="TwoSidedSquareHole142" parent="Holes" index="16" instance=ExtResource("2_3h3aq")]
transform = Transform3D(0.707107, 0.707107, 3.09086e-08, 0, -4.37114e-08, 1, 0.707107, -0.707107, -3.09086e-08, 0.499862, 0.022774, -2.49973)
width = 0.74

[node name="TwoSidedSquareHole143" parent="Holes" index="17" instance=ExtResource("2_3h3aq")]
transform = Transform3D(0.707107, 0.707107, 3.09086e-08, 0, -4.37114e-08, 1, 0.707107, -0.707107, -3.09086e-08, 0.999862, 0.022774, -2.49973)
width = 0.74

[node name="TwoSidedSquareHole144" parent="Holes" index="18" instance=ExtResource("2_3h3aq")]
transform = Transform3D(0.707107, 0.707107, 3.09086e-08, 0, -4.37114e-08, 1, 0.707107, -0.707107, -3.09086e-08, 1.49986, 0.022774, -2.49973)
width = 0.74

[node name="TwoSidedSquareHole145" parent="Holes" index="19" instance=ExtResource("2_3h3aq")]
transform = Transform3D(0.707107, 0.707107, 3.09086e-08, 0, -4.37114e-08, 1, 0.707107, -0.707107, -3.09086e-08, 1.99986, 0.022774, -2.49973)
width = 0.74

[node name="TwoSidedSquareHole146" parent="Holes" index="20" instance=ExtResource("2_3h3aq")]
transform = Transform3D(0.707107, 0.707107, 3.09086e-08, 0, -4.37114e-08, 1, 0.707107, -0.707107, -3.09086e-08, 0.499862, 0.022774, -2.99973)
width = 0.74

[node name="TwoSidedSquareHole147" parent="Holes" index="21" instance=ExtResource("2_3h3aq")]
transform = Transform3D(0.707107, 0.707107, 3.09086e-08, 0, -4.37114e-08, 1, 0.707107, -0.707107, -3.09086e-08, 0.999862, 0.022774, -2.99973)
width = 0.74

[node name="TwoSidedSquareHole148" parent="Holes" index="22" instance=ExtResource("2_3h3aq")]
transform = Transform3D(0.707107, 0.707107, 3.09086e-08, 0, -4.37114e-08, 1, 0.707107, -0.707107, -3.09086e-08, 1.49986, 0.022774, -2.99973)
width = 0.74

[node name="TwoSidedSquareHole149" parent="Holes" index="23" instance=ExtResource("2_3h3aq")]
transform = Transform3D(0.707107, 0.707107, 3.09086e-08, 0, -4.37114e-08, 1, 0.707107, -0.707107, -3.09086e-08, 1.99986, 0.022774, -2.99973)
width = 0.74

[node name="TwoSidedSquareHole150" parent="Holes" index="24" instance=ExtResource("2_3h3aq")]
transform = Transform3D(0.707107, 0.707107, 3.09086e-08, 0, -4.37114e-08, 1, 0.707107, -0.707107, -3.09086e-08, 0.499862, 0.022774, -3.49973)
width = 0.74

[node name="TwoSidedSquareHole151" parent="Holes" index="25" instance=ExtResource("2_3h3aq")]
transform = Transform3D(0.707107, 0.707107, 3.09086e-08, 0, -4.37114e-08, 1, 0.707107, -0.707107, -3.09086e-08, 0.999862, 0.022774, -3.49973)
width = 0.74

[node name="TwoSidedSquareHole152" parent="Holes" index="26" instance=ExtResource("2_3h3aq")]
transform = Transform3D(0.707107, 0.707107, 3.09086e-08, 0, -4.37114e-08, 1, 0.707107, -0.707107, -3.09086e-08, 1.49986, 0.022774, -3.49973)
width = 0.74

[node name="TwoSidedSquareHole153" parent="Holes" index="27" instance=ExtResource("2_3h3aq")]
transform = Transform3D(0.707107, 0.707107, 3.09086e-08, 0, -4.37114e-08, 1, 0.707107, -0.707107, -3.09086e-08, 1.99986, 0.022774, -3.49973)
width = 0.74

[node name="TwoSidedSquareHole154" parent="Holes" index="28" instance=ExtResource("2_3h3aq")]
transform = Transform3D(0.707107, 0.707107, 3.09086e-08, 0, -4.37114e-08, 1, 0.707107, -0.707107, -3.09086e-08, 0.499862, 0.022774, -3.99973)
width = 0.74

[node name="TwoSidedSquareHole155" parent="Holes" index="29" instance=ExtResource("2_3h3aq")]
transform = Transform3D(0.707107, 0.707107, 3.09086e-08, 0, -4.37114e-08, 1, 0.707107, -0.707107, -3.09086e-08, 0.999862, 0.022774, -3.99973)
width = 0.74

[node name="TwoSidedSquareHole156" parent="Holes" index="30" instance=ExtResource("2_3h3aq")]
transform = Transform3D(0.707107, 0.707107, 3.09086e-08, 0, -4.37114e-08, 1, 0.707107, -0.707107, -3.09086e-08, 1.49986, 0.022774, -3.99973)
width = 0.74

[node name="TwoSidedSquareHole157" parent="Holes" index="31" instance=ExtResource("2_3h3aq")]
transform = Transform3D(0.707107, 0.707107, 3.09086e-08, 0, -4.37114e-08, 1, 0.707107, -0.707107, -3.09086e-08, 1.99986, 0.022774, -3.99973)
width = 0.74

[node name="TwoSidedSquareHole158" parent="Holes" index="32" instance=ExtResource("2_3h3aq")]
transform = Transform3D(0.707107, 0.707107, 3.09086e-08, 0, -4.37114e-08, 1, 0.707107, -0.707107, -3.09086e-08, 0.499862, 0.022774, -4.49973)
width = 0.74

[node name="TwoSidedSquareHole159" parent="Holes" index="33" instance=ExtResource("2_3h3aq")]
transform = Transform3D(0.707107, 0.707107, 3.09086e-08, 0, -4.37114e-08, 1, 0.707107, -0.707107, -3.09086e-08, 0.999862, 0.022774, -4.49973)
width = 0.74

[node name="TwoSidedSquareHole160" parent="Holes" index="34" instance=ExtResource("2_3h3aq")]
transform = Transform3D(0.707107, 0.707107, 3.09086e-08, 0, -4.37114e-08, 1, 0.707107, -0.707107, -3.09086e-08, 1.49986, 0.022774, -4.49973)
width = 0.74

[node name="TwoSidedSquareHole161" parent="Holes" index="35" instance=ExtResource("2_3h3aq")]
transform = Transform3D(0.707107, 0.707107, 3.09086e-08, 0, -4.37114e-08, 1, 0.707107, -0.707107, -3.09086e-08, 1.99986, 0.022774, -4.49973)
width = 0.74

[node name="TwoSidedSquareHole162" parent="Holes" index="36" instance=ExtResource("2_3h3aq")]
transform = Transform3D(0.707107, 0.707107, 3.09086e-08, 0, -4.37114e-08, 1, 0.707107, -0.707107, -3.09086e-08, 0.499862, 0.022774, -4.99973)
width = 0.74

[node name="TwoSidedSquareHole163" parent="Holes" index="37" instance=ExtResource("2_3h3aq")]
transform = Transform3D(0.707107, 0.707107, 3.09086e-08, 0, -4.37114e-08, 1, 0.707107, -0.707107, -3.09086e-08, 0.999862, 0.022774, -4.99973)
width = 0.74

[node name="TwoSidedSquareHole164" parent="Holes" index="38" instance=ExtResource("2_3h3aq")]
transform = Transform3D(0.707107, 0.707107, 3.09086e-08, 0, -4.37114e-08, 1, 0.707107, -0.707107, -3.09086e-08, 1.49986, 0.022774, -4.99973)
width = 0.74

[node name="TwoSidedSquareHole165" parent="Holes" index="39" instance=ExtResource("2_3h3aq")]
transform = Transform3D(0.707107, 0.707107, 3.09086e-08, 0, -4.37114e-08, 1, 0.707107, -0.707107, -3.09086e-08, 1.99986, 0.022774, -4.99973)
width = 0.74

[node name="TwoSidedSquareHole166" parent="Holes" index="40" instance=ExtResource("2_3h3aq")]
transform = Transform3D(0.707107, 0.707107, 3.09086e-08, 0, -4.37114e-08, 1, 0.707107, -0.707107, -3.09086e-08, 0.499862, 0.022774, -5.49973)
width = 0.74

[node name="TwoSidedSquareHole167" parent="Holes" index="41" instance=ExtResource("2_3h3aq")]
transform = Transform3D(0.707107, 0.707107, 3.09086e-08, 0, -4.37114e-08, 1, 0.707107, -0.707107, -3.09086e-08, 0.999862, 0.022774, -5.49973)
width = 0.74

[node name="TwoSidedSquareHole168" parent="Holes" index="42" instance=ExtResource("2_3h3aq")]
transform = Transform3D(0.707107, 0.707107, 3.09086e-08, 0, -4.37114e-08, 1, 0.707107, -0.707107, -3.09086e-08, 1.49986, 0.022774, -5.49973)
width = 0.74

[node name="TwoSidedSquareHole169" parent="Holes" index="43" instance=ExtResource("2_3h3aq")]
transform = Transform3D(0.707107, 0.707107, 3.09086e-08, 0, -4.37114e-08, 1, 0.707107, -0.707107, -3.09086e-08, 1.99986, 0.022774, -5.49973)
width = 0.74

[node name="TwoSidedSquareHole170" parent="Holes" index="44" instance=ExtResource("2_3h3aq")]
transform = Transform3D(0.707107, 0.707107, 3.09086e-08, 0, -4.37114e-08, 1, 0.707107, -0.707107, -3.09086e-08, 0.499862, 0.022774, -5.99973)
width = 0.74

[node name="TwoSidedSquareHole171" parent="Holes" index="45" instance=ExtResource("2_3h3aq")]
transform = Transform3D(0.707107, 0.707107, 3.09086e-08, 0, -4.37114e-08, 1, 0.707107, -0.707107, -3.09086e-08, 0.999862, 0.022774, -5.99973)
width = 0.74

[node name="TwoSidedSquareHole172" parent="Holes" index="46" instance=ExtResource("2_3h3aq")]
transform = Transform3D(0.707107, 0.707107, 3.09086e-08, 0, -4.37114e-08, 1, 0.707107, -0.707107, -3.09086e-08, 1.49986, 0.022774, -5.99973)
width = 0.74

[node name="TwoSidedSquareHole173" parent="Holes" index="47" instance=ExtResource("2_3h3aq")]
transform = Transform3D(0.707107, 0.707107, 3.09086e-08, 0, -4.37114e-08, 1, 0.707107, -0.707107, -3.09086e-08, 1.99986, 0.022774, -5.99973)
width = 0.74

[node name="TwoSidedSquareHole174" parent="Holes" index="48" instance=ExtResource("2_3h3aq")]
transform = Transform3D(0.707107, 0.707107, 3.09086e-08, 0, -4.37114e-08, 1, 0.707107, -0.707107, -3.09086e-08, 0.499862, 0.022774, -6.49973)
width = 0.74

[node name="TwoSidedSquareHole175" parent="Holes" index="49" instance=ExtResource("2_3h3aq")]
transform = Transform3D(0.707107, 0.707107, 3.09086e-08, 0, -4.37114e-08, 1, 0.707107, -0.707107, -3.09086e-08, 0.999862, 0.022774, -6.49973)
width = 0.74

[node name="TwoSidedSquareHole176" parent="Holes" index="50" instance=ExtResource("2_3h3aq")]
transform = Transform3D(0.707107, 0.707107, 3.09086e-08, 0, -4.37114e-08, 1, 0.707107, -0.707107, -3.09086e-08, 1.49986, 0.022774, -6.49973)
width = 0.74

[node name="TwoSidedSquareHole177" parent="Holes" index="51" instance=ExtResource("2_3h3aq")]
transform = Transform3D(0.707107, 0.707107, 3.09086e-08, 0, -4.37114e-08, 1, 0.707107, -0.707107, -3.09086e-08, 1.99986, 0.022774, -6.49973)
width = 0.74

[node name="TwoSidedSquareHole178" parent="Holes" index="52" instance=ExtResource("2_3h3aq")]
transform = Transform3D(0.707107, 0.707107, 3.09086e-08, 0, -4.37114e-08, 1, 0.707107, -0.707107, -3.09086e-08, 0.499862, 0.022774, -6.99973)
width = 0.74

[node name="TwoSidedSquareHole179" parent="Holes" index="53" instance=ExtResource("2_3h3aq")]
transform = Transform3D(0.707107, 0.707107, 3.09086e-08, 0, -4.37114e-08, 1, 0.707107, -0.707107, -3.09086e-08, 0.999862, 0.022774, -6.99973)
width = 0.74

[node name="TwoSidedSquareHole180" parent="Holes" index="54" instance=ExtResource("2_3h3aq")]
transform = Transform3D(0.707107, 0.707107, 3.09086e-08, 0, -4.37114e-08, 1, 0.707107, -0.707107, -3.09086e-08, 1.49986, 0.022774, -6.99973)
width = 0.74

[node name="TwoSidedSquareHole181" parent="Holes" index="55" instance=ExtResource("2_3h3aq")]
transform = Transform3D(0.707107, 0.707107, 3.09086e-08, 0, -4.37114e-08, 1, 0.707107, -0.707107, -3.09086e-08, 1.99986, 0.022774, -6.99973)
width = 0.74

[node name="TwoSidedSquareHole182" parent="Holes" index="56" instance=ExtResource("2_3h3aq")]
transform = Transform3D(0.707107, 0.707107, 3.09086e-08, 0, -4.37114e-08, 1, 0.707107, -0.707107, -3.09086e-08, 0.499862, 0.022774, -7.49973)
width = 0.74

[node name="TwoSidedSquareHole183" parent="Holes" index="57" instance=ExtResource("2_3h3aq")]
transform = Transform3D(0.707107, 0.707107, 3.09086e-08, 0, -4.37114e-08, 1, 0.707107, -0.707107, -3.09086e-08, 0.999862, 0.022774, -7.49973)
width = 0.74

[node name="TwoSidedSquareHole184" parent="Holes" index="58" instance=ExtResource("2_3h3aq")]
transform = Transform3D(0.707107, 0.707107, 3.09086e-08, 0, -4.37114e-08, 1, 0.707107, -0.707107, -3.09086e-08, 1.49986, 0.022774, -7.49973)
width = 0.74

[node name="TwoSidedSquareHole185" parent="Holes" index="59" instance=ExtResource("2_3h3aq")]
transform = Transform3D(0.707107, 0.707107, 3.09086e-08, 0, -4.37114e-08, 1, 0.707107, -0.707107, -3.09086e-08, 1.99986, 0.022774, -7.49973)
width = 0.74

[node name="TwoSidedSquareHole186" parent="Holes" index="60" instance=ExtResource("2_3h3aq")]
transform = Transform3D(0.707107, 0.707107, 3.09086e-08, 0, -4.37114e-08, 1, 0.707107, -0.707107, -3.09086e-08, 0.499862, 0.022774, -7.99973)
width = 0.74

[node name="TwoSidedSquareHole187" parent="Holes" index="61" instance=ExtResource("2_3h3aq")]
transform = Transform3D(0.707107, 0.707107, 3.09086e-08, 0, -4.37114e-08, 1, 0.707107, -0.707107, -3.09086e-08, 0.999862, 0.022774, -7.99973)
width = 0.74

[node name="TwoSidedSquareHole188" parent="Holes" index="62" instance=ExtResource("2_3h3aq")]
transform = Transform3D(0.707107, 0.707107, 3.09086e-08, 0, -4.37114e-08, 1, 0.707107, -0.707107, -3.09086e-08, 1.49986, 0.022774, -7.99973)
width = 0.74

[node name="TwoSidedSquareHole189" parent="Holes" index="63" instance=ExtResource("2_3h3aq")]
transform = Transform3D(0.707107, 0.707107, 3.09086e-08, 0, -4.37114e-08, 1, 0.707107, -0.707107, -3.09086e-08, 1.99986, 0.022774, -7.99973)
width = 0.74

[node name="TwoSidedSquareHole190" parent="Holes" index="64" instance=ExtResource("2_3h3aq")]
transform = Transform3D(0.707107, 0.707107, 3.09086e-08, 0, -4.37114e-08, 1, 0.707107, -0.707107, -3.09086e-08, 0.499862, 0.022774, -8.49973)
width = 0.74

[node name="TwoSidedSquareHole191" parent="Holes" index="65" instance=ExtResource("2_3h3aq")]
transform = Transform3D(0.707107, 0.707107, 3.09086e-08, 0, -4.37114e-08, 1, 0.707107, -0.707107, -3.09086e-08, 0.999862, 0.022774, -8.49973)
width = 0.74

[node name="TwoSidedSquareHole192" parent="Holes" index="66" instance=ExtResource("2_3h3aq")]
transform = Transform3D(0.707107, 0.707107, 3.09086e-08, 0, -4.37114e-08, 1, 0.707107, -0.707107, -3.09086e-08, 1.49986, 0.022774, -8.49973)
width = 0.74

[node name="TwoSidedSquareHole193" parent="Holes" index="67" instance=ExtResource("2_3h3aq")]
transform = Transform3D(0.707107, 0.707107, 3.09086e-08, 0, -4.37114e-08, 1, 0.707107, -0.707107, -3.09086e-08, 1.99986, 0.022774, -8.49973)
width = 0.74

[node name="TwoSidedSquareHole194" parent="Holes" index="68" instance=ExtResource("2_3h3aq")]
transform = Transform3D(0.707107, 0.707107, 3.09086e-08, 0, -4.37114e-08, 1, 0.707107, -0.707107, -3.09086e-08, 0.499862, 0.022774, -8.99973)
width = 0.74

[node name="TwoSidedSquareHole195" parent="Holes" index="69" instance=ExtResource("2_3h3aq")]
transform = Transform3D(0.707107, 0.707107, 3.09086e-08, 0, -4.37114e-08, 1, 0.707107, -0.707107, -3.09086e-08, 0.999862, 0.022774, -8.99973)
width = 0.74

[node name="TwoSidedSquareHole196" parent="Holes" index="70" instance=ExtResource("2_3h3aq")]
transform = Transform3D(0.707107, 0.707107, 3.09086e-08, 0, -4.37114e-08, 1, 0.707107, -0.707107, -3.09086e-08, 1.49986, 0.022774, -8.99973)
width = 0.74

[node name="TwoSidedSquareHole197" parent="Holes" index="71" instance=ExtResource("2_3h3aq")]
transform = Transform3D(0.707107, 0.707107, 3.09086e-08, 0, -4.37114e-08, 1, 0.707107, -0.707107, -3.09086e-08, 1.99986, 0.022774, -8.99973)
width = 0.74

[node name="TwoSidedSquareHole198" parent="Holes" index="72" instance=ExtResource("2_3h3aq")]
transform = Transform3D(0.707107, 0.707107, 3.09086e-08, 0, -4.37114e-08, 1, 0.707107, -0.707107, -3.09086e-08, 0.499862, 0.022774, -9.49973)
width = 0.74

[node name="TwoSidedSquareHole199" parent="Holes" index="73" instance=ExtResource("2_3h3aq")]
transform = Transform3D(0.707107, 0.707107, 3.09086e-08, 0, -4.37114e-08, 1, 0.707107, -0.707107, -3.09086e-08, 0.999862, 0.022774, -9.49973)
width = 0.74

[node name="TwoSidedSquareHole200" parent="Holes" index="74" instance=ExtResource("2_3h3aq")]
transform = Transform3D(0.707107, 0.707107, 3.09086e-08, 0, -4.37114e-08, 1, 0.707107, -0.707107, -3.09086e-08, 1.49986, 0.022774, -9.49973)
width = 0.74

[node name="TwoSidedSquareHole201" parent="Holes" index="75" instance=ExtResource("2_3h3aq")]
transform = Transform3D(0.707107, 0.707107, 3.09086e-08, 0, -4.37114e-08, 1, 0.707107, -0.707107, -3.09086e-08, 1.99986, 0.022774, -9.49973)
width = 0.74

[node name="TwoSidedSquareHole202" parent="Holes" index="76" instance=ExtResource("2_3h3aq")]
transform = Transform3D(0.707107, 0.707107, 3.09086e-08, 0, -4.37114e-08, 1, 0.707107, -0.707107, -3.09086e-08, 0.499862, 0.022774, -9.99973)
width = 0.74

[node name="TwoSidedSquareHole203" parent="Holes" index="77" instance=ExtResource("2_3h3aq")]
transform = Transform3D(0.707107, 0.707107, 3.09086e-08, 0, -4.37114e-08, 1, 0.707107, -0.707107, -3.09086e-08, 0.999862, 0.022774, -9.99973)
width = 0.74

[node name="TwoSidedSquareHole204" parent="Holes" index="78" instance=ExtResource("2_3h3aq")]
transform = Transform3D(0.707107, 0.707107, 3.09086e-08, 0, -4.37114e-08, 1, 0.707107, -0.707107, -3.09086e-08, 1.49986, 0.022774, -9.99973)
width = 0.74

[node name="TwoSidedSquareHole205" parent="Holes" index="79" instance=ExtResource("2_3h3aq")]
transform = Transform3D(0.707107, 0.707107, 3.09086e-08, 0, -4.37114e-08, 1, 0.707107, -0.707107, -3.09086e-08, 1.99986, 0.022774, -9.99973)
width = 0.74

[node name="TwoSidedSquareHole206" parent="Holes" index="80" instance=ExtResource("2_3h3aq")]
transform = Transform3D(0.707107, 0.707107, 3.09086e-08, 0, -4.37114e-08, 1, 0.707107, -0.707107, -3.09086e-08, 0.499862, 0.022774, -10.4997)
width = 0.74

[node name="TwoSidedSquareHole207" parent="Holes" index="81" instance=ExtResource("2_3h3aq")]
transform = Transform3D(0.707107, 0.707107, 3.09086e-08, 0, -4.37114e-08, 1, 0.707107, -0.707107, -3.09086e-08, 0.999862, 0.022774, -10.4997)
width = 0.74

[node name="TwoSidedSquareHole208" parent="Holes" index="82" instance=ExtResource("2_3h3aq")]
transform = Transform3D(0.707107, 0.707107, 3.09086e-08, 0, -4.37114e-08, 1, 0.707107, -0.707107, -3.09086e-08, 1.49986, 0.022774, -10.4997)
width = 0.74

[node name="TwoSidedSquareHole209" parent="Holes" index="83" instance=ExtResource("2_3h3aq")]
transform = Transform3D(0.707107, 0.707107, 3.09086e-08, 0, -4.37114e-08, 1, 0.707107, -0.707107, -3.09086e-08, 1.99986, 0.022774, -10.4997)
width = 0.74

[node name="TwoSidedSquareHole210" parent="Holes" index="84" instance=ExtResource("2_3h3aq")]
transform = Transform3D(0.707107, 0.707107, 3.09086e-08, 0, -4.37114e-08, 1, 0.707107, -0.707107, -3.09086e-08, 0.499862, 0.022774, -10.9997)
width = 0.74

[node name="TwoSidedSquareHole211" parent="Holes" index="85" instance=ExtResource("2_3h3aq")]
transform = Transform3D(0.707107, 0.707107, 3.09086e-08, 0, -4.37114e-08, 1, 0.707107, -0.707107, -3.09086e-08, 0.999862, 0.022774, -10.9997)
width = 0.74

[node name="TwoSidedSquareHole212" parent="Holes" index="86" instance=ExtResource("2_3h3aq")]
transform = Transform3D(0.707107, 0.707107, 3.09086e-08, 0, -4.37114e-08, 1, 0.707107, -0.707107, -3.09086e-08, 1.49986, 0.022774, -10.9997)
width = 0.74

[node name="TwoSidedSquareHole213" parent="Holes" index="87" instance=ExtResource("2_3h3aq")]
transform = Transform3D(0.707107, 0.707107, 3.09086e-08, 0, -4.37114e-08, 1, 0.707107, -0.707107, -3.09086e-08, 1.99986, 0.022774, -10.9997)
width = 0.74

[node name="TwoSidedSquareHole214" parent="Holes" index="88" instance=ExtResource("2_3h3aq")]
transform = Transform3D(0.707107, 0.707107, 3.09086e-08, 0, -4.37114e-08, 1, 0.707107, -0.707107, -3.09086e-08, 0.499862, 0.022774, -11.4997)
width = 0.74

[node name="TwoSidedSquareHole215" parent="Holes" index="89" instance=ExtResource("2_3h3aq")]
transform = Transform3D(0.707107, 0.707107, 3.09086e-08, 0, -4.37114e-08, 1, 0.707107, -0.707107, -3.09086e-08, 0.999862, 0.022774, -11.4997)
width = 0.74

[node name="TwoSidedSquareHole216" parent="Holes" index="90" instance=ExtResource("2_3h3aq")]
transform = Transform3D(0.707107, 0.707107, 3.09086e-08, 0, -4.37114e-08, 1, 0.707107, -0.707107, -3.09086e-08, 1.49986, 0.022774, -11.4997)
width = 0.74

[node name="TwoSidedSquareHole217" parent="Holes" index="91" instance=ExtResource("2_3h3aq")]
transform = Transform3D(0.707107, 0.707107, 3.09086e-08, 0, -4.37114e-08, 1, 0.707107, -0.707107, -3.09086e-08, 1.99986, 0.022774, -11.4997)
width = 0.74

[node name="TwoSidedSquareHole218" parent="Holes" index="92" instance=ExtResource("2_3h3aq")]
transform = Transform3D(0.707107, 0.707107, 3.09086e-08, 0, -4.37114e-08, 1, 0.707107, -0.707107, -3.09086e-08, 0.499862, 0.022774, -11.9997)
width = 0.74

[node name="TwoSidedSquareHole219" parent="Holes" index="93" instance=ExtResource("2_3h3aq")]
transform = Transform3D(0.707107, 0.707107, 3.09086e-08, 0, -4.37114e-08, 1, 0.707107, -0.707107, -3.09086e-08, 0.999862, 0.022774, -11.9997)
width = 0.74

[node name="TwoSidedSquareHole220" parent="Holes" index="94" instance=ExtResource("2_3h3aq")]
transform = Transform3D(0.707107, 0.707107, 3.09086e-08, 0, -4.37114e-08, 1, 0.707107, -0.707107, -3.09086e-08, 1.49986, 0.022774, -11.9997)
width = 0.74

[node name="TwoSidedSquareHole221" parent="Holes" index="95" instance=ExtResource("2_3h3aq")]
transform = Transform3D(0.707107, 0.707107, 3.09086e-08, 0, -4.37114e-08, 1, 0.707107, -0.707107, -3.09086e-08, 1.99986, 0.022774, -11.9997)
width = 0.74

[node name="TwoSidedSquareHole2" parent="Holes" index="96" instance=ExtResource("2_3h3aq")]
transform = Transform3D(1, 0, 0, 0, -4.37114e-08, 1, 0, -1, -4.37114e-08, 0.749862, 0.022774, -0.249732)
width = 1.06

[node name="TwoSidedSquareHole126" parent="Holes" index="97" instance=ExtResource("2_3h3aq")]
transform = Transform3D(1, 0, 0, 0, -4.37114e-08, 1, 0, -1, -4.37114e-08, 0.249862, 0.022774, -0.249732)
width = 1.06

[node name="TwoSidedSquareHole3" parent="Holes" index="98" instance=ExtResource("2_3h3aq")]
transform = Transform3D(1, 0, 0, 0, -4.37114e-08, 1, 0, -1, -4.37114e-08, 1.24986, 0.022774, -0.249732)
width = 1.06

[node name="TwoSidedSquareHole4" parent="Holes" index="99" instance=ExtResource("2_3h3aq")]
transform = Transform3D(1, 0, 0, 0, -4.37114e-08, 1, 0, -1, -4.37114e-08, 1.74986, 0.022774, -0.249732)
width = 1.06

[node name="TwoSidedSquareHole5" parent="Holes" index="100" instance=ExtResource("2_3h3aq")]
transform = Transform3D(1, 0, 0, 0, -4.37114e-08, 1, 0, -1, -4.37114e-08, 2.24986, 0.022774, -0.249732)
width = 1.06

[node name="TwoSidedSquareHole6" parent="Holes" index="101" instance=ExtResource("2_3h3aq")]
transform = Transform3D(1, 0, 0, 0, -4.37114e-08, 1, 0, -1, -4.37114e-08, 0.249862, 0.022774, -0.749732)
width = 1.06

[node name="TwoSidedSquareHole7" parent="Holes" index="102" instance=ExtResource("2_3h3aq")]
transform = Transform3D(1, 0, 0, 0, -4.37114e-08, 1, 0, -1, -4.37114e-08, 0.749862, 0.022774, -0.749732)
width = 1.06

[node name="TwoSidedSquareHole8" parent="Holes" index="103" instance=ExtResource("2_3h3aq")]
transform = Transform3D(1, 0, 0, 0, -4.37114e-08, 1, 0, -1, -4.37114e-08, 1.24986, 0.022774, -0.749732)
width = 1.06

[node name="TwoSidedSquareHole9" parent="Holes" index="104" instance=ExtResource("2_3h3aq")]
transform = Transform3D(1, 0, 0, 0, -4.37114e-08, 1, 0, -1, -4.37114e-08, 1.74986, 0.022774, -0.749732)
width = 1.06

[node name="TwoSidedSquareHole10" parent="Holes" index="105" instance=ExtResource("2_3h3aq")]
transform = Transform3D(1, 0, 0, 0, -4.37114e-08, 1, 0, -1, -4.37114e-08, 2.24986, 0.022774, -0.749732)
width = 1.06

[node name="TwoSidedSquareHole11" parent="Holes" index="106" instance=ExtResource("2_3h3aq")]
transform = Transform3D(1, 0, 0, 0, -4.37114e-08, 1, 0, -1, -4.37114e-08, 0.249862, 0.022774, -1.24973)
width = 1.06

[node name="TwoSidedSquareHole12" parent="Holes" index="107" instance=ExtResource("2_3h3aq")]
transform = Transform3D(1, 0, 0, 0, -4.37114e-08, 1, 0, -1, -4.37114e-08, 0.749862, 0.022774, -1.24973)
width = 1.06

[node name="TwoSidedSquareHole13" parent="Holes" index="108" instance=ExtResource("2_3h3aq")]
transform = Transform3D(1, 0, 0, 0, -4.37114e-08, 1, 0, -1, -4.37114e-08, 1.24986, 0.022774, -1.24973)
width = 1.06

[node name="TwoSidedSquareHole14" parent="Holes" index="109" instance=ExtResource("2_3h3aq")]
transform = Transform3D(1, 0, 0, 0, -4.37114e-08, 1, 0, -1, -4.37114e-08, 1.74986, 0.022774, -1.24973)
width = 1.06

[node name="TwoSidedSquareHole15" parent="Holes" index="110" instance=ExtResource("2_3h3aq")]
transform = Transform3D(1, 0, 0, 0, -4.37114e-08, 1, 0, -1, -4.37114e-08, 2.24986, 0.022774, -1.24973)
width = 1.06

[node name="TwoSidedSquareHole16" parent="Holes" index="111" instance=ExtResource("2_3h3aq")]
transform = Transform3D(1, 0, 0, 0, -4.37114e-08, 1, 0, -1, -4.37114e-08, 0.249862, 0.022774, -1.74973)
width = 1.06

[node name="TwoSidedSquareHole17" parent="Holes" index="112" instance=ExtResource("2_3h3aq")]
transform = Transform3D(1, 0, 0, 0, -4.37114e-08, 1, 0, -1, -4.37114e-08, 0.749862, 0.022774, -1.74973)
width = 1.06

[node name="TwoSidedSquareHole18" parent="Holes" index="113" instance=ExtResource("2_3h3aq")]
transform = Transform3D(1, 0, 0, 0, -4.37114e-08, 1, 0, -1, -4.37114e-08, 1.24986, 0.022774, -1.74973)
width = 1.06

[node name="TwoSidedSquareHole19" parent="Holes" index="114" instance=ExtResource("2_3h3aq")]
transform = Transform3D(1, 0, 0, 0, -4.37114e-08, 1, 0, -1, -4.37114e-08, 1.74986, 0.022774, -1.74973)
width = 1.06

[node name="TwoSidedSquareHole20" parent="Holes" index="115" instance=ExtResource("2_3h3aq")]
transform = Transform3D(1, 0, 0, 0, -4.37114e-08, 1, 0, -1, -4.37114e-08, 2.24986, 0.022774, -1.74973)
width = 1.06

[node name="TwoSidedSquareHole21" parent="Holes" index="116" instance=ExtResource("2_3h3aq")]
transform = Transform3D(1, 0, 0, 0, -4.37114e-08, 1, 0, -1, -4.37114e-08, 0.249862, 0.022774, -2.24973)
width = 1.06

[node name="TwoSidedSquareHole22" parent="Holes" index="117" instance=ExtResource("2_3h3aq")]
transform = Transform3D(1, 0, 0, 0, -4.37114e-08, 1, 0, -1, -4.37114e-08, 0.749862, 0.022774, -2.24973)
width = 1.06

[node name="TwoSidedSquareHole23" parent="Holes" index="118" instance=ExtResource("2_3h3aq")]
transform = Transform3D(1, 0, 0, 0, -4.37114e-08, 1, 0, -1, -4.37114e-08, 1.24986, 0.022774, -2.24973)
width = 1.06

[node name="TwoSidedSquareHole24" parent="Holes" index="119" instance=ExtResource("2_3h3aq")]
transform = Transform3D(1, 0, 0, 0, -4.37114e-08, 1, 0, -1, -4.37114e-08, 1.74986, 0.022774, -2.24973)
width = 1.06

[node name="TwoSidedSquareHole25" parent="Holes" index="120" instance=ExtResource("2_3h3aq")]
transform = Transform3D(1, 0, 0, 0, -4.37114e-08, 1, 0, -1, -4.37114e-08, 2.24986, 0.022774, -2.24973)
width = 1.06

[node name="TwoSidedSquareHole26" parent="Holes" index="121" instance=ExtResource("2_3h3aq")]
transform = Transform3D(1, 0, 0, 0, -4.37114e-08, 1, 0, -1, -4.37114e-08, 0.249862, 0.022774, -2.74973)
width = 1.06

[node name="TwoSidedSquareHole27" parent="Holes" index="122" instance=ExtResource("2_3h3aq")]
transform = Transform3D(1, 0, 0, 0, -4.37114e-08, 1, 0, -1, -4.37114e-08, 0.749862, 0.022774, -2.74973)
width = 1.06

[node name="TwoSidedSquareHole28" parent="Holes" index="123" instance=ExtResource("2_3h3aq")]
transform = Transform3D(1, 0, 0, 0, -4.37114e-08, 1, 0, -1, -4.37114e-08, 1.24986, 0.022774, -2.74973)
width = 1.06

[node name="TwoSidedSquareHole29" parent="Holes" index="124" instance=ExtResource("2_3h3aq")]
transform = Transform3D(1, 0, 0, 0, -4.37114e-08, 1, 0, -1, -4.37114e-08, 1.74986, 0.022774, -2.74973)
width = 1.06

[node name="TwoSidedSquareHole30" parent="Holes" index="125" instance=ExtResource("2_3h3aq")]
transform = Transform3D(1, 0, 0, 0, -4.37114e-08, 1, 0, -1, -4.37114e-08, 2.24986, 0.022774, -2.74973)
width = 1.06

[node name="TwoSidedSquareHole31" parent="Holes" index="126" instance=ExtResource("2_3h3aq")]
transform = Transform3D(1, 0, 0, 0, -4.37114e-08, 1, 0, -1, -4.37114e-08, 0.249862, 0.022774, -3.24973)
width = 1.06

[node name="TwoSidedSquareHole32" parent="Holes" index="127" instance=ExtResource("2_3h3aq")]
transform = Transform3D(1, 0, 0, 0, -4.37114e-08, 1, 0, -1, -4.37114e-08, 0.749862, 0.022774, -3.24973)
width = 1.06

[node name="TwoSidedSquareHole33" parent="Holes" index="128" instance=ExtResource("2_3h3aq")]
transform = Transform3D(1, 0, 0, 0, -4.37114e-08, 1, 0, -1, -4.37114e-08, 1.24986, 0.022774, -3.24973)
width = 1.06

[node name="TwoSidedSquareHole34" parent="Holes" index="129" instance=ExtResource("2_3h3aq")]
transform = Transform3D(1, 0, 0, 0, -4.37114e-08, 1, 0, -1, -4.37114e-08, 1.74986, 0.022774, -3.24973)
width = 1.06

[node name="TwoSidedSquareHole35" parent="Holes" index="130" instance=ExtResource("2_3h3aq")]
transform = Transform3D(1, 0, 0, 0, -4.37114e-08, 1, 0, -1, -4.37114e-08, 2.24986, 0.022774, -3.24973)
width = 1.06

[node name="TwoSidedSquareHole36" parent="Holes" index="131" instance=ExtResource("2_3h3aq")]
transform = Transform3D(1, 0, 0, 0, -4.37114e-08, 1, 0, -1, -4.37114e-08, 0.249862, 0.022774, -3.74973)
width = 1.06

[node name="TwoSidedSquareHole37" parent="Holes" index="132" instance=ExtResource("2_3h3aq")]
transform = Transform3D(1, 0, 0, 0, -4.37114e-08, 1, 0, -1, -4.37114e-08, 0.749862, 0.022774, -3.74973)
width = 1.06

[node name="TwoSidedSquareHole38" parent="Holes" index="133" instance=ExtResource("2_3h3aq")]
transform = Transform3D(1, 0, 0, 0, -4.37114e-08, 1, 0, -1, -4.37114e-08, 1.24986, 0.022774, -3.74973)
width = 1.06

[node name="TwoSidedSquareHole39" parent="Holes" index="134" instance=ExtResource("2_3h3aq")]
transform = Transform3D(1, 0, 0, 0, -4.37114e-08, 1, 0, -1, -4.37114e-08, 1.74986, 0.022774, -3.74973)
width = 1.06

[node name="TwoSidedSquareHole40" parent="Holes" index="135" instance=ExtResource("2_3h3aq")]
transform = Transform3D(1, 0, 0, 0, -4.37114e-08, 1, 0, -1, -4.37114e-08, 2.24986, 0.022774, -3.74973)
width = 1.06

[node name="TwoSidedSquareHole41" parent="Holes" index="136" instance=ExtResource("2_3h3aq")]
transform = Transform3D(1, 0, 0, 0, -4.37114e-08, 1, 0, -1, -4.37114e-08, 0.249862, 0.022774, -4.24973)
width = 1.06

[node name="TwoSidedSquareHole42" parent="Holes" index="137" instance=ExtResource("2_3h3aq")]
transform = Transform3D(1, 0, 0, 0, -4.37114e-08, 1, 0, -1, -4.37114e-08, 0.749862, 0.022774, -4.24973)
width = 1.06

[node name="TwoSidedSquareHole43" parent="Holes" index="138" instance=ExtResource("2_3h3aq")]
transform = Transform3D(1, 0, 0, 0, -4.37114e-08, 1, 0, -1, -4.37114e-08, 1.24986, 0.022774, -4.24973)
width = 1.06

[node name="TwoSidedSquareHole44" parent="Holes" index="139" instance=ExtResource("2_3h3aq")]
transform = Transform3D(1, 0, 0, 0, -4.37114e-08, 1, 0, -1, -4.37114e-08, 1.74986, 0.022774, -4.24973)
width = 1.06

[node name="TwoSidedSquareHole45" parent="Holes" index="140" instance=ExtResource("2_3h3aq")]
transform = Transform3D(1, 0, 0, 0, -4.37114e-08, 1, 0, -1, -4.37114e-08, 2.24986, 0.022774, -4.24973)
width = 1.06

[node name="TwoSidedSquareHole46" parent="Holes" index="141" instance=ExtResource("2_3h3aq")]
transform = Transform3D(1, 0, 0, 0, -4.37114e-08, 1, 0, -1, -4.37114e-08, 0.249862, 0.022774, -4.74973)
width = 1.06

[node name="TwoSidedSquareHole47" parent="Holes" index="142" instance=ExtResource("2_3h3aq")]
transform = Transform3D(1, 0, 0, 0, -4.37114e-08, 1, 0, -1, -4.37114e-08, 0.749862, 0.022774, -4.74973)
width = 1.06

[node name="TwoSidedSquareHole48" parent="Holes" index="143" instance=ExtResource("2_3h3aq")]
transform = Transform3D(1, 0, 0, 0, -4.37114e-08, 1, 0, -1, -4.37114e-08, 1.24986, 0.022774, -4.74973)
width = 1.06

[node name="TwoSidedSquareHole49" parent="Holes" index="144" instance=ExtResource("2_3h3aq")]
transform = Transform3D(1, 0, 0, 0, -4.37114e-08, 1, 0, -1, -4.37114e-08, 1.74986, 0.022774, -4.74973)
width = 1.06

[node name="TwoSidedSquareHole50" parent="Holes" index="145" instance=ExtResource("2_3h3aq")]
transform = Transform3D(1, 0, 0, 0, -4.37114e-08, 1, 0, -1, -4.37114e-08, 2.24986, 0.022774, -4.74973)
width = 1.06

[node name="TwoSidedSquareHole51" parent="Holes" index="146" instance=ExtResource("2_3h3aq")]
transform = Transform3D(1, 0, 0, 0, -4.37114e-08, 1, 0, -1, -4.37114e-08, 0.249862, 0.022774, -5.24973)
width = 1.06

[node name="TwoSidedSquareHole52" parent="Holes" index="147" instance=ExtResource("2_3h3aq")]
transform = Transform3D(1, 0, 0, 0, -4.37114e-08, 1, 0, -1, -4.37114e-08, 0.749862, 0.022774, -5.24973)
width = 1.06

[node name="TwoSidedSquareHole53" parent="Holes" index="148" instance=ExtResource("2_3h3aq")]
transform = Transform3D(1, 0, 0, 0, -4.37114e-08, 1, 0, -1, -4.37114e-08, 1.24986, 0.022774, -5.24973)
width = 1.06

[node name="TwoSidedSquareHole54" parent="Holes" index="149" instance=ExtResource("2_3h3aq")]
transform = Transform3D(1, 0, 0, 0, -4.37114e-08, 1, 0, -1, -4.37114e-08, 1.74986, 0.022774, -5.24973)
width = 1.06

[node name="TwoSidedSquareHole55" parent="Holes" index="150" instance=ExtResource("2_3h3aq")]
transform = Transform3D(1, 0, 0, 0, -4.37114e-08, 1, 0, -1, -4.37114e-08, 2.24986, 0.022774, -5.24973)
width = 1.06

[node name="TwoSidedSquareHole56" parent="Holes" index="151" instance=ExtResource("2_3h3aq")]
transform = Transform3D(1, 0, 0, 0, -4.37114e-08, 1, 0, -1, -4.37114e-08, 0.249862, 0.022774, -5.74973)
width = 1.06

[node name="TwoSidedSquareHole57" parent="Holes" index="152" instance=ExtResource("2_3h3aq")]
transform = Transform3D(1, 0, 0, 0, -4.37114e-08, 1, 0, -1, -4.37114e-08, 0.749862, 0.022774, -5.74973)
width = 1.06

[node name="TwoSidedSquareHole58" parent="Holes" index="153" instance=ExtResource("2_3h3aq")]
transform = Transform3D(1, 0, 0, 0, -4.37114e-08, 1, 0, -1, -4.37114e-08, 1.24986, 0.022774, -5.74973)
width = 1.06

[node name="TwoSidedSquareHole59" parent="Holes" index="154" instance=ExtResource("2_3h3aq")]
transform = Transform3D(1, 0, 0, 0, -4.37114e-08, 1, 0, -1, -4.37114e-08, 1.74986, 0.022774, -5.74973)
width = 1.06

[node name="TwoSidedSquareHole60" parent="Holes" index="155" instance=ExtResource("2_3h3aq")]
transform = Transform3D(1, 0, 0, 0, -4.37114e-08, 1, 0, -1, -4.37114e-08, 2.24986, 0.022774, -5.74973)
width = 1.06

[node name="TwoSidedSquareHole61" parent="Holes" index="156" instance=ExtResource("2_3h3aq")]
transform = Transform3D(1, 0, 0, 0, -4.37114e-08, 1, 0, -1, -4.37114e-08, 0.249862, 0.022774, -6.24973)
width = 1.06

[node name="TwoSidedSquareHole62" parent="Holes" index="157" instance=ExtResource("2_3h3aq")]
transform = Transform3D(1, 0, 0, 0, -4.37114e-08, 1, 0, -1, -4.37114e-08, 0.749862, 0.022774, -6.24973)
width = 1.06

[node name="TwoSidedSquareHole63" parent="Holes" index="158" instance=ExtResource("2_3h3aq")]
transform = Transform3D(1, 0, 0, 0, -4.37114e-08, 1, 0, -1, -4.37114e-08, 1.24986, 0.022774, -6.24973)
width = 1.06

[node name="TwoSidedSquareHole64" parent="Holes" index="159" instance=ExtResource("2_3h3aq")]
transform = Transform3D(1, 0, 0, 0, -4.37114e-08, 1, 0, -1, -4.37114e-08, 1.74986, 0.022774, -6.24973)
width = 1.06

[node name="TwoSidedSquareHole65" parent="Holes" index="160" instance=ExtResource("2_3h3aq")]
transform = Transform3D(1, 0, 0, 0, -4.37114e-08, 1, 0, -1, -4.37114e-08, 2.24986, 0.022774, -6.24973)
width = 1.06

[node name="TwoSidedSquareHole66" parent="Holes" index="161" instance=ExtResource("2_3h3aq")]
transform = Transform3D(1, 0, 0, 0, -4.37114e-08, 1, 0, -1, -4.37114e-08, 0.249862, 0.022774, -6.74973)
width = 1.06

[node name="TwoSidedSquareHole67" parent="Holes" index="162" instance=ExtResource("2_3h3aq")]
transform = Transform3D(1, 0, 0, 0, -4.37114e-08, 1, 0, -1, -4.37114e-08, 0.749862, 0.022774, -6.74973)
width = 1.06

[node name="TwoSidedSquareHole68" parent="Holes" index="163" instance=ExtResource("2_3h3aq")]
transform = Transform3D(1, 0, 0, 0, -4.37114e-08, 1, 0, -1, -4.37114e-08, 1.24986, 0.022774, -6.74973)
width = 1.06

[node name="TwoSidedSquareHole69" parent="Holes" index="164" instance=ExtResource("2_3h3aq")]
transform = Transform3D(1, 0, 0, 0, -4.37114e-08, 1, 0, -1, -4.37114e-08, 1.74986, 0.022774, -6.74973)
width = 1.06

[node name="TwoSidedSquareHole70" parent="Holes" index="165" instance=ExtResource("2_3h3aq")]
transform = Transform3D(1, 0, 0, 0, -4.37114e-08, 1, 0, -1, -4.37114e-08, 2.24986, 0.022774, -6.74973)
width = 1.06

[node name="TwoSidedSquareHole71" parent="Holes" index="166" instance=ExtResource("2_3h3aq")]
transform = Transform3D(1, 0, 0, 0, -4.37114e-08, 1, 0, -1, -4.37114e-08, 0.249862, 0.022774, -7.24973)
width = 1.06

[node name="TwoSidedSquareHole72" parent="Holes" index="167" instance=ExtResource("2_3h3aq")]
transform = Transform3D(1, 0, 0, 0, -4.37114e-08, 1, 0, -1, -4.37114e-08, 0.749862, 0.022774, -7.24973)
width = 1.06

[node name="TwoSidedSquareHole73" parent="Holes" index="168" instance=ExtResource("2_3h3aq")]
transform = Transform3D(1, 0, 0, 0, -4.37114e-08, 1, 0, -1, -4.37114e-08, 1.24986, 0.022774, -7.24973)
width = 1.06

[node name="TwoSidedSquareHole74" parent="Holes" index="169" instance=ExtResource("2_3h3aq")]
